[gd_scene format=3 uid="uid://he5w5hojylb5"]

[ext_resource type="PackedScene" uid="uid://cqc0csgi0mpcm" path="res://ships/hull-parts/models/gasbag_sharp.glb" id="1_0treh"]
[ext_resource type="Script" uid="uid://b1gbofimjjgn7" path="res://ships/scripts/hull_part_slot.gd" id="2_5sp1h"]
[ext_resource type="Script" uid="uid://suwb0y10pmfp" path="res://ships/scripts/rigging_point.gd" id="3_a5fci"]

[node name="gasbag_sharp" unique_id=13748904 instance=ExtResource("1_0treh")]

[node name="HullPartSlot" type="Marker3D" parent="." index="1" unique_id=1125554770]
transform = Transform3D(-4.3424414e-08, -0.977027, -0.21311566, 1, -4.3492523e-08, -4.3687325e-09, -5.0005684e-09, -0.21311566, 0.977027, 3.381361, 0, 24.182)
script = ExtResource("2_5sp1h")
symmetrical = true
size = 3
allowed_types = 14
metadata/_custom_type_script = "uid://b1gbofimjjgn7"

[node name="HullPartSlot2" type="Marker3D" parent="." index="2" unique_id=30494241]
transform = Transform3D(-1, 8.742278e-08, 0, -8.742278e-08, -1, 0, 0, 0, 1, 0, 5.4891567, 0.0798893)
script = ExtResource("2_5sp1h")
allowed_types = 38
metadata/_custom_type_script = "uid://b1gbofimjjgn7"

[node name="HullPartSlot3" type="Marker3D" parent="." index="3" unique_id=692459011]
transform = Transform3D(-0.066918276, -0.99775845, 0, 0.99775845, -0.066918276, 0, 0, 0, 1, 4.4503174, 1.5505121, -15.510685)
script = ExtResource("2_5sp1h")
symmetrical = true
size = 7
allowed_types = 78
metadata/_custom_type_script = "uid://b1gbofimjjgn7"

[node name="RiggingPoint" type="Marker3D" parent="." index="4" unique_id=1779751052]
transform = Transform3D(1, 0, 0, 0, -4.371139e-08, -1, 0, 1, -4.371139e-08, 0, 0.008559227, -38.958946)
script = ExtResource("3_a5fci")
metadata/_custom_type_script = "uid://suwb0y10pmfp"

[node name="RiggingPoint2" type="Marker3D" parent="." index="5" unique_id=1784313519]
transform = Transform3D(1, 0, 0, 0, -4.371139e-08, -1, 0, 1, -4.371139e-08, 0, -0.019836426, 38.97142)
script = ExtResource("3_a5fci")
metadata/_custom_type_script = "uid://suwb0y10pmfp"

[node name="RiggingPoint7" type="Marker3D" parent="." index="6" unique_id=1609571517]
transform = Transform3D(1, 0, 0, 0, -0.50000006, 0.8660254, 0, -0.8660254, -0.50000006, 0, 3.156074, 26.003117)
script = ExtResource("3_a5fci")
main_hull = false
only_receive = true
metadata/_custom_type_script = "uid://suwb0y10pmfp"

[node name="RiggingPoint8" type="Marker3D" parent="." index="7" unique_id=213343213]
transform = Transform3D(1, 0, 0, 0, 0.8660254, 0.5, 0, -0.5, 0.8660254, 0, 3.156, -26.003)
script = ExtResource("3_a5fci")
main_hull = false
only_receive = true
metadata/_custom_type_script = "uid://suwb0y10pmfp"

[node name="RiggingPoint3" type="Marker3D" parent="." index="8" unique_id=2040286231]
transform = Transform3D(1, 0, 0, 0, -0.25881907, -0.9659258, 0, 0.9659258, -0.25881907, 4.0909777, -1.9956613, 15.950001)
script = ExtResource("3_a5fci")
metadata/_custom_type_script = "uid://suwb0y10pmfp"

[node name="RiggingPoint4" type="Marker3D" parent="." index="9" unique_id=582480747]
transform = Transform3D(1, 0, 0, 0, -0.25881907, -0.9659258, 0, 0.9659258, -0.25881907, -4.091, -1.996, 15.95)
script = ExtResource("3_a5fci")
metadata/_custom_type_script = "uid://suwb0y10pmfp"

[node name="RiggingPoint5" type="Marker3D" parent="." index="10" unique_id=1934136185]
transform = Transform3D(1, 0, 0, 0, 0.258819, -0.9659258, 0, 0.9659258, 0.258819, 4.0909777, -1.9956613, -15.95)
script = ExtResource("3_a5fci")
metadata/_custom_type_script = "uid://suwb0y10pmfp"

[node name="RiggingPoint6" type="Marker3D" parent="." index="11" unique_id=1765469250]
transform = Transform3D(1, 0, 0, 0, 0.258819, -0.9659258, 0, 0.9659258, 0.258819, -4.091, -1.996, -15.95)
script = ExtResource("3_a5fci")
metadata/_custom_type_script = "uid://suwb0y10pmfp"
